300
11 92
16 73 62 42 11 38 99 42 95 81 27 97 11 89 60 6 85 15 27 14 84 55 88 42 47 38 54 20 61 52 55 79 95 77 92 57 61 95 63 81 8 38 67 91 8 13 59 27 27 41 15 37 46 15 100 46 88 21 47 19 98 76 13 29 4 72 97 12 4 30 13 53 32 84 93 23 69 66 54 74 77 95 92 77 92 80 62 44 19 64 75 4 
10 51
37 60 70 96 23 33 56 77 10 5 36 9 28 34 45 58 30 15 9 67 27 100 28 62 76 87 35 91 100 83 41 55 15 36 14 93 24 60 48 63 66 31 8 75 96 72 38 2 42 46 44 
18 43
42 76 7 12 92 30 25 16 79 8 53 85 40 76 54 77 39 22 92 17 73 84 59 21 78 39 24 91 90 78 13 32 59 67 30 46 75 14 60 71 65 9 66 
9 8
45 56 64 10 3 14 39 6 
9 82
84 67 12 29 12 38 21 55 55 35 42 26 5 99 93 86 84 56 72 8 36 98 47 4 69 48 71 96 15 26 95 28 36 29 21 21 98 20 76 51 93 65 31 79 84 24 84 2 41 84 2 79 38 51 75 47 95 41 84 76 37 29 44 94 81 25 35 36 76 11 53 63 23 5 9 91 77 60 96 30 76 50 
6 51
78 9 95 68 16 39 4 47 32 81 56 23 32 15 36 98 22 48 6 42 86 46 39 51 11 91 92 22 83 69 34 86 97 41 46 95 15 72 2 62 12 31 47 19 65 94 73 83 10 6 47 
2 45
59 41 91 98 87 9 43 65 18 77 16 89 67 46 99 78 30 15 16 60 88 40 98 13 38 64 85 100 11 24 84 86 11 29 94 48 65 39 35 34 62 78 74 38 21 
15 13
99 77 97 51 56 9 16 78 20 33 56 86 63 
4 51
17 76 60 61 40 7 3 80 44 50 86 77 61 97 91 17 61 15 42 100 39 56 40 32 53 12 85 17 31 98 84 39 97 27 8 99 15 39 65 46 77 18 6 23 39 37 17 49 67 84 36 
18 13
77 73 27 15 51 57 13 49 36 41 16 35 3 
9 69
78 23 73 66 4 12 20 70 11 27 58 38 98 69 44 75 71 35 39 68 76 28 33 37 66 81 72 36 90 75 59 48 16 19 26 32 66 36 49 8 48 80 2 20 73 14 55 9 59 39 49 30 45 24 32 95 2 11 67 65 88 41 30 52 95 89 79 93 40 
1 92
86 53 86 22 88 57 55 69 85 91 8 33 72 64 33 14 83 20 64 100 94 88 50 40 51 93 74 96 68 39 77 4 72 67 69 55 9 77 55 97 81 36 24 56 57 38 24 62 24 35 7 34 10 59 89 21 68 20 100 27 61 8 49 95 6 37 37 84 95 22 64 44 21 72 41 7 80 14 19 63 50 41 55 2 5 78 33 59 9 74 100 95 
15 78
45 35 82 10 31 52 36 85 82 3 49 31 58 22 73 75 22 25 30 100 96 24 87 8 59 100 46 42 42 23 91 94 82 88 76 60 5 1 71 31 71 98 73 59 40 56 100 83 2 77 67 21 8 89 63 94 68 10 13 97 45 11 94 38 41 47 10 30 97 87 79 92 19 86 45 23 11 71 
14 90
34 21 78 71 39 49 90 99 95 21 92 61 80 45 27 56 80 16 79 37 2 35 55 58 100 31 1 20 20 95 96 86 64 48 19 8 14 87 71 86 21 90 53 90 83 93 90 20 70 63 31 97 1 6 49 40 99 15 79 11 78 98 1 46 88 71 90 43 80 86 72 66 97 27 90 30 1 38 15 49 69 59 69 15 14 12 2 19 91 83 
9 64
88 17 9 10 23 70 100 30 74 74 83 52 72 84 35 17 62 47 38 55 18 46 74 91 4 11 11 37 22 79 9 15 48 9 30 28 51 42 78 100 98 59 14 61 65 85 1 10 32 41 30 69 32 27 98 91 98 81 13 62 76 43 33 21 
4 41
98 59 11 97 94 37 82 87 31 9 2 40 89 45 88 49 22 37 73 36 96 6 91 50 20 97 16 95 9 54 66 93 77 38 94 84 67 36 69 24 10 
8 36
25 94 96 22 6 70 30 42 81 88 44 17 97 66 87 15 57 20 15 28 11 80 77 52 34 45 97 97 80 81 81 61 14 2 8 20 
19 68
81 49 66 65 75 51 79 77 97 42 72 46 89 96 69 17 5 22 56 34 78 24 63 42 56 79 69 34 74 93 81 39 100 33 71 31 80 53 1 97 95 50 5 100 61 9 87 11 21 26 3 98 69 37 49 60 50 87 34 85 48 7 53 93 34 31 26 21 
6 8
32 20 95 82 99 43 42 93 
9 30
29 17 73 89 78 100 99 62 72 80 42 59 95 7 73 97 91 40 75 88 52 18 26 51 46 53 93 93 14 74 
9 18
34 44 49 41 94 6 74 87 62 48 94 83 50 28 99 57 19 97 
8 50
35 33 5 27 49 42 26 2 90 84 61 56 61 43 80 88 92 15 85 81 93 5 94 54 32 81 51 82 52 66 15 88 98 59 31 53 4 7 37 47 72 23 35 39 13 49 87 18 27 84 
4 57
45 66 60 52 36 92 31 28 31 15 77 77 45 20 84 58 37 55 53 57 72 28 55 1 46 37 74 68 63 63 20 11 34 49 63 22 54 32 49 17 94 12 85 94 47 4 76 87 54 8 56 80 99 94 43 100 48 
8 69
27 94 6 24 72 62 41 90 72 17 51 92 11 22 47 33 92 33 2 58 95 42 14 94 31 28 66 13 45 71 44 7 91 87 82 98 18 23 55 74 7 58 59 88 95 7 76 57 7 97 86 65 67 61 4 71 12 3 18 16 55 44 59 65 34 61 31 90 1 
8 74
50 90 78 19 8 48 9 16 95 20 81 78 87 23 91 20 9 37 6 83 58 86 62 36 91 55 21 30 88 5 8 56 47 4 5 34 71 83 34 38 98 14 84 39 76 52 1 97 20 92 21 33 20 62 28 97 100 27 99 79 11 51 10 75 18 94 77 6 59 61 47 3 94 70 
6 11
78 85 44 76 36 2 43 47 74 20 36 
5 100
71 86 73 54 46 41 28 52 16 94 40 88 2 55 54 14 75 27 57 53 82 42 38 12 1 63 92 66 37 32 52 28 67 69 28 82 55 67 77 8 5 43 52 43 44 69 31 27 21 84 85 32 76 30 34 51 60 49 13 96 76 27 33 61 77 89 29 61 91 52 42 74 21 14 38 31 90 31 18 12 12 62 59 86 49 98 33 81 91 96 66 49 93 93 28 1 11 19 73 22 
12 70
5 15 40 85 21 83 58 64 40 25 48 46 10 59 11 53 61 60 39 60 28 85 43 57 27 16 14 56 77 80 15 7 38 1 60 74 82 90 20 40 67 98 98 39 81 33 80 84 54 4 51 57 98 85 66 27 47 40 70 1 90 87 48 76 62 43 83 88 68 65 
19 20
32 4 74 4 61 55 42 46 19 98 93 91 40 69 83 65 70 1 93 24 
1 37
37 35 40 43 100 10 34 67 7 55 86 76 40 7 53 21 37 45 66 34 47 10 59 52 22 68 59 53 100 28 7 43 53 43 38 27 39 
4 21
15 50 83 64 96 61 37 41 16 70 4 14 9 88 28 36 35 63 74 18 38 
4 40
38 61 94 16 19 23 74 17 94 95 49 59 86 25 42 41 80 82 74 79 49 38 19 28 73 1 24 8 13 32 29 15 73 68 40 73 64 85 30 56 
20 36
98 30 64 3 45 12 87 72 9 66 77 81 99 74 30 14 63 61 58 48 30 78 56 28 68 52 82 78 11 82 36 93 4 83 19 27 
14 1
81 
8 22
68 43 87 30 62 71 71 99 97 14 81 82 30 9 4 37 59 11 88 54 59 82 
4 60
84 28 43 66 27 83 89 88 65 75 11 28 10 28 72 80 89 69 30 97 49 23 16 80 63 71 79 38 73 77 16 50 33 21 96 54 86 12 83 86 28 24 55 94 69 31 73 56 50 67 76 63 32 79 78 86 81 65 48 42 
7 60
19 94 12 64 10 58 79 50 41 22 58 69 97 75 63 57 10 56 19 90 41 56 13 38 58 63 69 25 50 70 42 77 59 86 52 45 15 85 54 6 82 77 79 15 18 67 60 54 53 51 85 33 41 33 11 85 38 57 71 73 
18 75
51 22 2 51 36 15 52 74 37 61 38 86 84 52 22 50 39 70 94 89 93 63 56 59 5 46 32 86 85 52 53 64 64 9 94 49 18 39 86 65 97 55 53 79 47 13 35 77 48 33 5 80 86 66 48 61 46 57 21 76 28 43 52 47 39 1 96 54 53 22 33 99 26 13 15 
16 67
33 86 20 3 77 56 99 36 83 83 79 48 24 57 98 7 99 68 82 33 73 84 87 71 16 11 48 89 96 84 96 46 43 19 55 89 3 95 9 78 17 78 44 33 31 34 11 22 35 86 3 14 91 33 31 7 56 12 4 25 11 8 82 42 68 41 33 
14 7
60 41 23 8 23 77 99 
6 16
7 58 9 48 6 72 30 62 75 98 40 45 31 61 13 20 
6 48
31 33 57 76 25 97 9 47 89 45 66 88 60 71 81 10 12 61 19 96 34 16 79 48 92 5 7 69 42 31 81 80 86 38 58 47 33 31 72 20 37 4 29 11 90 14 100 89 
14 96
44 27 46 42 64 64 63 65 88 44 68 56 77 48 47 82 23 54 29 35 90 42 7 38 17 33 90 76 78 42 29 42 23 43 77 93 9 95 67 13 63 27 1 45 3 18 63 39 16 51 74 7 9 40 57 28 6 88 68 27 3 68 10 38 48 42 76 84 32 43 88 97 57 10 55 29 28 55 40 43 47 59 32 1 7 12 82 82 6 34 9 34 65 8 6 6 
15 37
95 80 77 38 40 80 20 31 16 26 75 64 47 54 20 60 55 54 65 5 14 27 23 46 20 94 51 46 82 88 76 60 100 46 42 56 50 
19 57
66 37 94 24 43 25 43 65 97 76 86 43 26 86 50 70 51 100 43 52 86 59 52 94 5 71 6 54 43 36 79 89 93 40 95 43 50 33 55 82 46 93 78 1 18 62 1 47 6 63 3 61 10 67 62 32 59 
12 27
53 54 42 59 35 66 6 87 22 28 48 63 69 43 25 28 20 76 72 96 29 97 56 44 3 99 23 
20 30
22 74 22 51 71 13 3 72 89 51 92 5 49 29 29 7 43 4 55 42 4 42 90 54 23 19 45 32 61 15 
14 96
33 94 90 33 91 18 32 99 29 40 42 48 12 92 9 17 10 34 62 22 91 53 63 47 52 9 55 89 55 18 17 20 23 85 80 18 65 1 99 40 84 53 25 98 68 70 53 57 46 100 59 18 30 50 82 64 39 32 67 97 10 3 77 21 66 91 6 50 59 40 94 69 46 91 38 19 47 2 66 99 65 86 13 35 40 82 61 58 16 70 15 48 47 56 11 84 
11 15
90 37 96 70 60 2 50 48 91 45 31 91 3 15 21 
15 51
12 37 71 47 41 73 30 24 16 23 45 49 18 21 21 41 43 2 52 61 65 25 93 18 75 83 66 1 35 14 90 47 66 95 97 18 33 19 66 91 53 21 64 52 35 52 60 40 32 41 84 
3 5
35 4 84 61 2 
17 37
85 90 4 94 10 92 36 85 29 73 98 75 89 68 59 11 78 39 39 26 39 65 1 55 72 62 69 84 27 98 67 39 92 55 2 5 39 
13 32
66 38 81 99 46 7 84 51 49 14 63 86 41 89 7 35 34 27 10 46 97 42 41 48 66 51 54 58 9 56 81 84 
8 24
8 67 99 25 6 19 38 100 47 1 96 4 73 63 61 86 69 78 47 5 73 90 40 31 
4 41
7 67 27 57 16 47 13 100 70 24 43 45 96 46 9 85 36 39 79 75 26 73 90 56 20 100 36 9 67 73 45 62 72 25 3 50 100 99 25 58 90 
1 89
17 70 60 61 49 17 38 73 71 9 38 48 56 100 17 6 3 57 24 53 59 18 42 5 64 76 76 31 40 12 39 34 63 6 20 65 35 66 60 87 75 12 64 63 26 65 4 50 83 21 49 89 56 36 78 88 64 74 59 52 28 75 33 2 79 94 15 64 52 65 63 64 30 16 89 4 17 87 72 78 26 74 85 73 67 79 93 21 66 
14 68
63 77 73 18 82 90 4 22 63 68 65 53 84 18 61 29 70 4 13 62 44 42 19 38 67 24 9 71 75 95 88 73 53 82 15 37 9 72 81 78 100 16 52 2 25 30 54 38 75 47 86 42 45 42 79 17 33 4 12 17 77 54 50 51 64 95 37 49 
1 25
18 13 85 6 19 96 51 66 40 7 28 16 78 66 40 88 29 25 46 55 76 8 53 98 54 
2 49
28 4 30 71 37 33 87 75 51 66 17 28 84 75 71 73 81 40 86 40 15 96 61 47 30 96 42 17 23 40 91 73 65 48 13 6 12 88 83 100 62 40 94 76 27 96 13 52 37 
15 64
84 61 24 24 33 51 83 44 30 70 9 41 47 41 86 33 100 79 97 14 10 37 63 92 97 85 63 79 2 55 48 76 100 61 36 38 29 78 29 30 24 97 67 83 26 60 11 87 35 79 74 97 90 8 43 100 2 54 34 62 64 7 55 12 
10 96
40 82 21 66 3 72 44 37 94 54 61 52 12 38 100 13 63 79 82 45 48 16 38 58 56 60 5 3 20 17 8 7 21 73 89 54 8 76 93 39 40 26 86 80 15 26 15 87 13 73 34 51 58 52 54 12 24 62 48 8 7 78 40 76 55 7 34 27 41 100 97 52 1 95 12 67 77 30 43 8 46 76 16 14 15 13 13 80 81 94 37 51 72 10 80 41 
12 47
41 63 10 45 42 87 50 92 69 63 31 28 28 35 42 30 89 51 29 62 17 16 63 5 12 65 55 29 12 83 61 87 40 12 41 12 85 81 71 2 93 16 88 44 7 31 55 
4 96
60 61 66 80 47 100 54 19 99 28 11 30 88 5 69 51 85 70 90 23 84 52 50 3 28 66 100 93 14 34 4 67 17 76 44 51 87 17 44 68 100 85 29 47 99 61 49 33 25 1 15 74 62 41 59 54 53 10 58 78 67 87 21 93 54 96 70 99 86 44 1 67 97 2 74 85 53 36 62 66 68 28 22 3 94 41 83 75 50 89 2 55 47 45 26 78 
4 29
34 8 3 8 100 73 37 41 76 85 39 85 48 43 90 80 93 15 10 49 48 93 51 49 61 24 6 11 28 
16 98
8 51 3 67 95 14 76 10 97 72 21 57 40 34 87 84 37 19 17 63 3 27 63 61 55 16 65 76 35 93 20 76 41 86 7 37 53 54 43 89 89 22 71 42 74 17 29 2 17 39 19 63 48 88 28 13 58 52 80 16 29 11 94 53 97 58 74 60 19 9 3 45 87 74 96 27 17 52 43 53 17 76 36 72 2 82 52 30 10 65 69 11 44 2 61 17 10 93 
2 59
87 18 76 70 14 48 10 19 4 1 63 72 18 91 38 56 35 8 21 45 37 35 1 32 18 23 28 37 18 54 68 27 5 86 11 7 92 63 57 6 80 7 48 9 64 14 93 47 89 82 66 9 98 97 20 45 29 50 22 
7 40
65 42 3 50 43 22 72 82 54 26 52 13 2 10 3 20 62 57 57 21 78 48 42 88 83 17 95 64 64 49 71 84 17 38 54 36 71 5 38 37 
11 3
97 7 12 
12 95
37 70 17 95 27 6 24 9 24 39 100 44 40 54 19 55 79 80 89 84 88 18 38 15 16 8 14 26 76 74 35 13 48 25 67 92 91 20 8 76 32 33 22 73 82 18 65 15 26 75 27 21 21 32 83 97 58 23 38 75 77 23 84 28 63 33 73 42 18 4 1 15 16 30 47 13 12 62 42 33 66 50 73 90 29 78 32 78 86 44 51 89 60 64 48 
12 5
95 48 39 27 41 
3 47
62 35 36 15 85 67 72 62 86 21 44 32 71 27 28 53 100 67 47 88 13 75 97 74 70 38 21 65 92 92 54 34 54 32 69 21 47 77 18 42 87 23 53 67 77 98 90 
5 30
7 57 3 1 6 58 44 74 24 56 87 3 88 68 95 6 9 63 70 67 16 51 23 54 48 85 88 53 48 31 
16 24
47 82 85 100 46 59 66 94 64 15 83 17 21 37 35 42 47 86 41 21 31 44 41 31 
10 70
16 50 94 85 61 33 54 39 92 39 6 67 83 91 98 58 56 59 89 22 68 9 30 80 55 64 78 100 54 86 4 10 14 43 44 67 41 93 19 79 31 57 47 18 67 67 9 64 41 90 66 95 7 44 61 80 33 70 31 18 70 36 14 94 23 96 16 25 55 12 
16 34
18 19 50 8 20 28 34 30 34 99 74 99 93 72 76 71 7 63 45 92 28 27 27 1 53 92 31 36 49 76 9 62 100 29 
8 16
77 48 15 55 12 31 17 8 59 51 68 43 80 70 95 41 
5 42
96 16 9 14 51 76 2 100 69 1 30 91 84 9 70 44 5 85 22 10 67 62 34 4 68 10 89 14 50 65 94 68 18 41 29 49 61 3 63 44 37 68 
18 47
94 63 51 63 74 99 11 57 55 21 26 28 78 94 37 17 40 3 55 47 42 80 72 8 1 68 48 56 90 55 81 92 36 7 49 87 84 98 97 3 38 46 56 23 38 89 94 
10 53
45 26 72 31 51 92 30 61 69 16 9 37 4 37 66 69 4 8 62 64 4 24 73 49 74 71 4 75 68 45 86 41 59 12 26 68 6 82 61 97 10 29 36 45 46 89 54 10 13 66 45 36 97 
13 2
84 61 
19 16
57 2 24 81 63 83 99 53 47 64 44 1 40 41 99 52 
1 26
60 23 1 62 57 40 13 1 3 3 10 35 71 45 34 68 35 12 76 21 63 46 74 87 37 89 
7 35
67 6 22 99 76 15 99 11 48 47 95 56 48 65 68 73 52 39 9 32 41 61 5 21 90 45 98 3 33 40 98 55 59 41 44 
19 45
14 55 38 29 48 85 28 40 24 20 46 98 47 50 35 34 87 10 64 85 56 40 37 63 28 7 38 42 82 26 78 46 4 100 68 41 75 88 25 22 94 18 41 23 75 
5 94
27 87 29 36 57 41 94 49 87 89 36 60 18 17 4 57 43 40 10 67 81 14 47 9 27 85 55 29 40 36 53 30 1 12 75 89 62 30 58 78 60 34 65 23 55 16 70 50 53 66 82 100 36 80 53 11 58 79 2 5 93 38 77 4 58 4 16 100 57 1 49 51 44 57 99 9 46 49 90 68 73 46 29 55 31 37 77 62 7 17 84 45 76 31 
15 39
6 48 42 12 43 79 27 51 36 96 12 71 58 64 46 85 96 17 11 45 76 87 93 43 18 34 11 9 62 26 32 1 63 6 9 41 76 86 45 
9 53
63 90 71 38 25 87 58 53 79 76 78 97 95 73 32 43 7 21 67 3 84 28 10 51 72 49 25 1 35 30 56 81 49 66 31 100 82 56 92 57 44 44 15 41 27 69 92 21 72 68 28 58 27 
13 24
90 76 98 10 55 83 1 92 14 83 37 8 71 77 63 45 30 81 42 87 37 58 77 19 
14 40
51 79 53 3 65 71 61 36 17 71 66 78 78 61 22 36 43 79 75 58 26 61 28 27 26 52 88 20 41 51 75 6 21 76 100 72 44 95 9 1 
14 45
52 6 46 2 86 10 60 11 57 60 66 7 6 39 69 11 62 11 18 97 14 42 75 79 33 30 2 53 54 54 68 82 34 80 78 57 64 89 47 100 3 46 47 13 42 
6 19
31 78 26 99 22 84 23 28 97 44 14 39 40 33 66 33 26 72 36 
16 2
38 52 
7 80
94 30 86 63 43 63 31 1 9 25 71 12 52 59 8 11 46 76 67 12 82 33 48 92 21 11 80 10 98 73 90 67 51 13 58 41 89 31 13 74 36 54 14 91 3 63 62 53 38 51 31 79 80 64 39 76 27 33 62 21 88 60 56 67 52 31 12 50 30 56 54 95 24 32 52 83 76 28 68 65 
20 73
68 93 73 24 85 8 60 48 24 62 22 94 69 35 67 49 17 38 92 28 19 66 51 51 51 55 97 41 75 81 55 92 6 22 89 24 98 47 73 77 55 47 92 5 27 35 22 59 70 39 33 19 88 91 11 47 35 4 19 100 70 22 43 5 72 79 4 55 43 92 40 61 30 
2 4
51 82 60 42 
5 95
38 70 9 51 28 66 38 96 27 63 78 9 73 1 13 100 29 33 41 72 65 21 11 51 70 38 49 38 58 23 9 55 62 51 83 88 38 59 34 68 55 15 12 61 77 23 82 62 62 95 64 84 56 59 95 87 59 93 27 92 20 95 54 16 43 90 96 45 94 56 58 19 77 64 49 41 9 75 49 1 14 91 43 46 3 33 93 62 4 52 28 46 49 75 88 
12 32
27 96 31 58 80 63 81 17 8 59 90 86 78 52 34 82 89 97 53 60 15 18 50 96 23 46 73 76 72 65 10 14 
5 89
23 78 30 75 58 44 23 28 28 72 7 99 34 67 28 42 67 65 33 45 96 73 69 34 96 81 74 26 1 98 61 2 96 20 28 4 99 52 23 29 33 9 55 83 18 77 86 98 15 7 43 7 50 5 8 41 74 19 25 51 52 6 63 80 70 56 6 48 69 32 9 22 72 57 91 84 21 94 97 70 82 49 56 44 4 14 44 84 76 
7 42
59 10 96 80 40 38 51 42 16 39 64 40 97 77 58 69 91 28 13 10 46 42 52 81 68 83 17 89 95 83 50 98 17 15 44 6 37 5 80 30 71 96 
15 73
16 72 85 49 33 24 33 20 8 94 56 81 4 61 24 90 57 62 33 79 89 29 100 65 63 49 58 19 9 54 93 92 5 29 45 14 39 64 11 93 92 58 43 46 86 70 57 9 8 9 56 81 67 70 97 48 49 42 73 90 28 64 16 86 16 17 75 82 84 52 30 62 59 
1 92
60 35 60 99 54 19 69 29 85 22 88 16 63 41 88 43 65 56 51 66 61 87 62 71 30 96 66 44 14 78 34 40 94 46 15 99 68 53 19 45 87 77 37 2 41 62 83 43 89 75 18 73 24 34 18 79 60 12 57 13 90 11 48 57 78 98 49 3 25 14 75 11 46 67 95 8 81 79 53 1 87 79 53 32 39 25 16 11 96 21 59 71 
20 10
44 88 35 68 2 28 4 51 80 71 
6 71
72 81 100 38 88 99 66 54 83 26 41 6 73 95 41 14 25 9 5 26 100 29 35 66 11 11 80 18 29 85 31 16 72 32 21 29 22 43 31 41 80 66 53 42 56 82 6 24 86 13 37 32 18 25 7 49 93 84 51 45 76 44 97 25 32 31 5 87 41 8 96 
20 6
42 94 25 5 69 22 
16 70
22 15 43 92 13 32 81 8 7 65 9 2 2 59 46 70 100 31 50 19 32 35 71 38 87 79 63 60 93 79 56 27 27 25 5 5 79 52 40 71 58 15 16 53 69 19 50 12 29 5 19 15 71 15 96 54 48 10 55 100 13 31 41 63 94 35 53 14 73 89 
13 1
87 
18 28
42 11 33 29 5 66 60 67 63 50 39 64 12 80 91 32 86 41 55 87 70 18 79 7 76 42 6 85 
1 96
7 99 7 50 43 54 88 70 38 85 91 40 14 28 69 48 60 40 64 42 70 49 64 29 64 83 67 60 56 61 7 70 15 89 68 5 5 39 85 4 41 68 53 13 4 94 65 34 47 11 99 90 66 39 57 43 63 100 30 56 59 82 17 46 74 39 25 37 45 87 74 37 44 77 29 20 1 66 9 21 47 21 18 45 20 26 5 39 30 34 10 81 72 25 50 75 
13 48
49 66 7 8 20 87 60 31 51 51 38 3 21 21 98 40 44 26 78 19 48 5 48 1 66 93 91 49 69 72 67 58 75 66 62 27 30 75 26 84 91 53 54 68 77 87 4 50 
5 74
7 79 36 29 83 50 97 33 25 47 21 83 21 96 81 81 74 29 74 69 48 11 88 27 28 32 95 35 62 48 81 93 38 1 19 28 55 35 40 99 98 18 52 51 29 40 94 36 90 66 7 3 39 51 82 97 39 51 44 18 33 8 88 45 100 33 58 96 39 62 65 35 39 2 
5 74
56 49 11 44 96 87 81 82 92 81 58 30 77 74 95 60 100 14 23 74 53 87 29 18 77 5 3 8 34 4 18 80 55 99 12 79 97 19 64 7 29 95 69 60 37 68 62 81 27 2 33 63 48 78 46 85 34 98 66 88 75 50 52 67 68 61 28 70 8 5 50 29 80 78 
6 54
63 36 21 45 89 33 8 41 1 60 38 13 6 29 82 54 52 15 70 39 60 89 2 62 77 29 47 73 100 61 80 25 22 43 95 5 48 14 62 92 37 63 15 30 39 53 82 87 74 40 9 18 51 30 
19 77
25 67 32 83 77 7 49 43 39 81 43 23 46 5 69 72 90 16 44 16 50 43 90 42 80 21 87 86 77 13 8 15 54 66 82 79 7 39 13 60 68 90 68 37 5 53 79 31 5 63 38 73 1 5 27 96 26 8 97 3 64 80 56 100 24 66 22 76 10 7 12 8 15 84 68 75 62 
19 41
9 48 11 58 98 1 95 68 43 34 7 39 86 98 96 54 98 18 40 100 44 4 83 59 79 75 36 26 26 77 99 33 35 21 19 4 34 70 89 69 94 
10 35
81 56 17 12 52 81 50 50 84 8 81 29 99 43 99 99 49 19 21 78 51 54 33 19 22 57 93 41 5 39 73 14 53 9 74 
8 3
64 25 46 
2 40
81 37 68 18 49 46 54 75 77 16 21 57 19 30 60 100 12 100 92 56 64 48 7 19 74 80 29 8 98 83 74 3 24 91 51 50 100 72 42 84 
17 47
73 19 49 5 84 20 75 49 36 51 45 36 5 88 10 96 11 1 100 36 57 78 24 97 58 24 63 20 8 26 74 27 67 98 84 70 79 93 50 64 25 88 36 52 89 99 48 
20 49
68 44 86 97 21 90 90 8 65 33 65 23 36 26 11 94 89 15 36 23 87 65 25 46 93 37 97 76 78 77 46 84 35 50 16 40 41 7 26 96 87 53 15 13 18 40 19 9 46 
7 82
74 75 42 52 44 74 23 82 37 100 8 53 14 99 85 80 83 19 37 48 18 91 79 56 82 29 47 59 25 14 73 86 6 17 77 94 26 16 68 77 76 22 72 32 93 17 78 95 37 77 16 43 40 84 77 24 27 41 50 81 1 50 29 95 1 43 40 35 34 2 48 69 87 76 98 94 58 55 47 28 56 59 
15 76
15 28 88 21 96 40 28 96 2 11 59 48 35 20 40 56 77 80 17 19 71 28 52 87 99 35 16 95 91 43 31 38 6 57 14 29 97 18 71 28 22 49 88 26 1 97 53 98 9 11 51 20 17 72 23 96 59 76 85 68 41 23 79 47 74 87 28 97 36 65 26 39 56 9 70 80 
14 68
56 9 73 31 69 28 100 53 97 66 62 13 89 20 32 59 18 94 16 16 44 27 70 24 21 23 67 28 33 97 68 49 17 8 51 27 9 40 42 59 35 49 83 18 95 92 36 54 41 99 62 26 1 89 67 30 53 15 30 73 78 71 56 34 69 68 69 38 
4 98
99 50 3 2 87 58 53 68 52 35 29 82 85 2 27 89 61 69 100 55 73 62 38 83 90 40 39 3 82 51 68 97 29 80 7 37 10 14 42 29 81 28 68 12 12 81 2 52 5 84 70 28 53 12 88 86 68 87 51 71 72 40 33 85 89 60 16 4 28 42 80 88 65 30 48 57 22 76 92 65 14 25 41 37 19 83 45 45 81 22 100 33 98 91 87 52 100 64 
13 67
7 11 9 35 23 24 23 30 19 53 34 83 49 29 62 41 54 54 51 55 72 4 84 13 95 53 61 9 78 88 51 22 68 22 17 96 10 17 73 33 100 53 16 47 14 61 88 72 24 22 12 27 89 16 27 60 96 11 2 6 16 3 81 60 73 88 80 
5 34
100 72 34 59 38 35 24 14 79 3 38 64 75 98 36 43 85 96 29 99 58 55 6 99 63 37 89 70 94 50 7 85 16 100 
11 71
69 70 89 80 35 58 59 83 31 85 53 79 72 21 72 52 15 22 84 8 37 53 50 39 70 50 46 50 83 38 77 3 94 70 98 84 78 10 54 44 81 85 17 14 10 59 57 41 86 85 93 26 54 14 39 86 38 48 12 76 36 12 68 65 79 90 27 78 93 33 52 
1 10
37 88 78 67 59 94 4 70 32 11 
16 19
85 74 89 63 46 75 11 49 73 98 69 41 68 48 100 52 72 38 1 
16 8
58 84 99 46 26 39 40 38 
18 70
6 59 54 73 16 79 9 10 7 64 56 30 28 4 35 2 24 72 40 61 52 24 78 42 51 60 7 41 75 48 56 73 80 42 80 83 14 40 34 79 21 36 64 50 40 27 99 22 39 25 40 49 6 86 69 66 6 60 24 74 88 98 100 91 26 76 97 47 100 61 
8 6
78 83 96 39 88 35 
15 13
28 33 43 58 27 66 64 63 85 2 33 76 71 
3 100
39 13 80 92 38 90 39 41 77 6 31 11 91 18 48 66 78 33 59 66 87 75 41 10 41 97 40 93 23 42 35 58 46 2 40 90 29 5 68 29 58 67 33 31 57 20 80 58 89 91 96 8 41 56 9 69 82 96 14 24 100 6 24 64 19 76 80 39 100 61 78 32 23 42 8 58 96 39 13 30 27 60 33 78 73 58 76 35 11 19 96 21 21 90 28 54 99 72 18 37 
1 10
64 85 3 29 86 71 74 62 49 57 
12 91
36 71 63 37 35 44 10 38 21 84 89 5 99 15 69 61 65 61 81 93 54 78 87 9 24 57 28 100 5 78 44 90 81 55 67 52 11 46 18 2 38 13 78 75 56 83 90 86 78 39 95 20 58 59 62 86 53 95 26 52 38 49 72 21 9 29 1 94 30 6 10 3 76 44 83 40 29 20 12 47 77 18 31 70 88 35 21 67 35 60 51 
6 46
9 100 36 82 11 96 93 35 44 62 69 80 63 87 85 97 7 54 90 54 85 55 4 84 64 86 21 92 48 71 49 64 44 39 53 37 14 17 61 40 92 5 7 100 85 86 
9 23
99 78 95 67 58 97 52 83 43 80 33 17 41 22 32 23 77 68 12 7 72 17 27 
13 36
10 17 72 26 96 59 46 8 66 85 73 4 89 16 99 86 54 46 97 21 95 34 73 81 62 70 21 30 92 11 52 78 37 55 87 29 
6 2
85 55 
2 96
29 60 42 81 100 76 62 44 76 38 75 6 81 55 5 28 82 42 57 17 66 94 99 98 35 4 19 96 48 17 54 35 100 88 57 83 40 57 57 2 90 46 19 58 73 53 18 39 63 35 88 22 72 55 75 66 37 18 93 7 20 10 76 25 38 49 24 47 60 28 80 93 75 63 61 62 37 38 92 22 67 60 26 97 31 56 58 50 25 7 85 40 90 35 50 61 
18 14
52 12 73 82 43 73 47 100 67 84 50 57 74 9 
1 25
57 66 33 3 14 30 34 34 99 40 56 61 63 80 4 49 26 74 8 62 64 23 45 99 85 
14 35
36 8 1 50 18 63 72 6 23 90 100 83 31 90 74 87 32 15 57 88 64 23 13 34 94 52 63 90 35 22 9 68 85 96 60 
20 61
28 2 63 50 66 77 68 25 57 42 23 13 73 3 66 68 61 90 34 56 48 29 19 23 53 41 63 68 57 37 2 80 22 19 53 49 100 2 11 98 3 97 24 43 51 32 22 16 44 93 67 9 98 77 13 84 37 92 32 74 21 
4 23
68 73 16 4 84 84 76 27 83 28 84 95 72 98 45 33 78 12 68 74 81 73 38 
10 42
70 13 57 93 23 19 8 61 46 94 42 38 12 71 63 25 22 33 47 4 81 49 45 97 4 66 77 28 69 47 83 77 94 6 56 9 46 39 64 40 59 79 
10 24
81 84 46 83 65 7 81 61 39 60 86 61 60 34 7 23 90 56 89 2 96 66 7 7 
11 7
12 38 51 8 23 36 52 
18 30
94 56 20 45 17 44 78 11 17 63 75 11 60 11 29 89 53 100 100 17 93 3 98 2 28 91 98 52 43 40 
1 33
50 37 84 48 5 34 17 62 68 60 88 55 83 86 13 52 2 50 85 65 20 19 32 60 48 8 75 76 37 82 52 92 21 
7 97
15 24 28 74 90 20 91 23 45 68 12 69 78 49 39 13 87 20 24 55 51 14 49 44 42 71 24 95 26 23 83 53 79 17 11 83 35 1 96 11 45 35 48 38 58 50 69 1 12 66 32 5 3 22 64 91 26 20 32 58 86 80 85 63 61 100 4 27 91 96 53 73 75 93 54 54 41 15 35 45 5 4 88 53 38 8 69 87 48 9 90 62 98 2 73 95 33 
2 10
23 78 19 71 38 79 23 71 97 54 
10 3
92 81 94 
17 78
58 15 92 90 60 54 50 53 40 90 31 31 92 20 67 45 3 68 11 23 97 44 88 5 50 74 10 69 10 10 80 25 88 97 38 5 92 43 23 52 29 7 28 90 84 57 95 27 22 72 53 61 93 55 54 58 52 53 9 49 34 17 53 9 7 58 57 72 67 59 24 36 97 18 100 93 74 57 
15 22
44 73 9 13 11 63 34 46 40 53 93 77 44 64 83 34 15 51 59 17 51 34 
1 72
61 56 24 71 6 54 33 44 26 27 76 94 59 74 32 95 31 99 43 27 51 25 79 24 96 15 94 29 36 14 86 31 90 1 23 5 52 62 23 58 64 36 5 62 98 70 46 11 37 14 77 8 38 22 57 42 74 24 29 83 77 82 28 97 46 29 88 2 23 51 49 77 
12 22
59 39 92 74 24 33 74 13 73 44 39 2 20 22 19 49 13 92 33 45 19 60 
12 92
22 71 15 66 42 99 61 18 14 23 21 12 13 41 97 31 5 20 50 51 2 30 91 43 38 37 51 83 82 70 63 25 54 84 8 65 54 78 79 31 74 22 22 57 97 15 40 48 71 75 61 81 30 29 84 12 97 32 51 23 68 42 43 11 17 94 26 35 89 69 32 87 38 93 87 44 63 3 35 4 9 39 47 4 54 24 35 77 3 25 74 35 
10 49
59 7 86 29 46 72 48 64 29 88 98 48 16 94 40 6 25 34 18 52 42 61 41 59 37 36 33 66 24 63 63 28 21 72 47 28 13 48 59 8 91 45 67 63 11 86 26 49 30 
10 38
43 66 28 37 60 48 78 59 51 91 31 85 73 63 4 98 58 26 28 93 24 70 56 37 35 43 10 3 2 91 51 97 78 9 63 87 32 51 
4 61
87 57 59 68 27 18 10 3 96 70 63 60 74 61 82 9 10 71 91 75 70 98 65 98 55 4 2 39 63 32 44 30 67 3 83 53 96 93 90 50 3 64 8 73 75 99 57 65 4 94 62 50 89 71 67 100 36 61 37 28 88 
15 64
20 57 96 5 82 66 100 80 64 32 63 68 68 25 38 95 77 62 86 99 65 48 72 15 97 73 84 47 24 37 94 16 28 78 58 12 29 35 88 39 60 51 85 89 55 91 6 6 25 40 68 6 57 36 54 91 14 95 79 87 43 39 68 61 
9 20
27 42 91 7 42 35 88 26 65 23 18 99 16 79 88 39 22 10 86 68 
8 34
5 27 78 80 37 18 71 75 33 29 72 74 22 72 38 88 19 41 9 41 2 13 70 34 19 75 95 43 99 90 91 18 42 58 
2 9
25 85 40 84 47 33 17 97 22 
11 70
82 18 95 63 10 52 50 17 52 7 70 63 90 83 14 66 20 11 48 45 17 60 96 92 18 54 5 8 23 64 50 89 4 11 38 22 22 58 38 1 41 18 10 49 85 17 21 15 33 40 7 20 6 51 26 94 36 92 3 84 62 2 65 90 51 99 5 42 64 51 
18 21
93 54 82 9 57 7 60 57 50 20 65 81 38 94 87 26 52 25 43 56 56 
15 74
14 29 16 69 69 55 28 79 82 87 69 14 4 34 92 45 1 67 84 84 47 12 45 7 4 61 39 38 86 98 10 62 24 44 86 44 61 87 11 95 18 61 88 1 33 93 77 98 52 38 60 49 80 82 43 63 98 72 73 23 93 18 75 100 60 91 2 95 93 53 39 21 97 82 
16 22
79 17 35 89 19 74 53 6 73 66 67 35 4 15 46 67 52 84 19 83 91 70 
2 1
39 
19 24
41 58 25 20 89 70 100 7 100 74 11 10 86 76 11 97 16 40 52 84 96 28 65 32 
7 17
39 28 57 11 17 9 52 1 91 5 75 82 16 48 68 86 38 
16 42
90 73 34 2 84 90 7 35 83 93 1 34 10 64 18 58 66 87 27 39 76 46 43 56 27 89 99 7 4 6 1 70 88 66 68 82 86 21 82 92 14 3 
1 34
44 28 48 64 38 77 22 8 17 26 9 39 23 11 36 55 47 56 4 10 83 89 69 78 44 1 79 99 27 35 8 2 72 76 
14 1
15 
11 25
35 69 58 8 5 24 79 96 44 41 67 19 22 38 1 77 77 51 97 86 73 1 40 81 51 
9 82
85 72 67 27 92 54 31 29 89 67 50 5 57 98 80 61 65 8 50 47 45 1 5 65 18 37 88 55 42 10 6 52 5 50 52 9 35 8 57 38 34 28 49 64 8 66 22 32 73 2 61 75 67 93 68 69 46 57 54 54 68 71 19 51 81 50 11 41 87 90 85 7 78 2 43 52 36 47 43 36 64 36 
15 52
41 87 94 67 78 54 43 25 53 80 56 67 22 11 1 97 90 87 83 32 67 30 62 38 100 15 68 29 40 34 81 96 40 56 91 40 29 60 52 1 32 19 97 53 66 35 14 90 98 57 72 50 
12 54
65 89 89 68 55 81 38 28 97 58 34 47 60 49 82 24 94 28 65 69 10 20 81 16 83 5 4 76 79 27 5 93 81 3 100 97 11 81 18 59 96 35 25 10 83 51 88 67 22 14 32 13 42 39 
8 37
63 7 90 35 21 82 43 19 51 56 99 100 15 69 72 97 64 41 6 51 34 94 24 2 13 71 98 5 51 50 86 28 25 74 33 43 99 
1 55
91 41 5 93 42 4 49 15 6 91 28 36 12 96 5 24 53 48 13 28 74 89 93 47 2 79 40 74 79 8 1 31 67 7 25 55 48 98 42 42 69 51 4 38 88 90 100 27 83 76 50 97 25 49 99 
8 74
4 36 58 21 57 55 76 91 12 94 2 29 56 45 46 46 64 27 84 14 85 69 27 52 97 19 41 66 95 77 87 75 41 76 85 5 93 17 66 24 89 74 93 16 26 63 8 31 14 82 32 18 16 48 1 71 15 68 47 21 79 71 28 74 42 18 72 47 5 47 68 54 95 85 
3 76
1 93 74 94 89 20 41 24 69 71 84 17 46 63 78 74 54 12 39 89 68 69 86 84 63 90 47 39 10 36 31 59 44 53 21 62 57 81 58 1 23 6 83 83 56 60 62 48 16 54 85 20 14 2 2 57 41 16 85 58 78 9 70 100 44 8 20 63 50 11 81 32 40 10 48 83 
19 37
84 82 52 90 14 42 45 2 61 3 91 55 23 78 68 30 89 35 56 93 23 81 88 16 37 40 57 91 100 7 46 4 81 6 65 21 38 
3 72
66 54 40 54 18 90 9 63 43 30 44 56 86 68 9 91 64 13 55 13 39 7 11 4 80 73 73 53 26 87 25 80 75 30 82 53 92 33 91 59 57 25 54 42 45 51 89 16 40 48 81 41 41 20 96 60 7 19 39 64 9 7 39 99 80 59 86 97 84 31 98 88 
10 4
58 89 34 26 
10 95
49 43 70 56 11 33 74 50 16 34 20 50 60 45 5 61 32 50 70 36 19 54 65 13 3 47 97 5 51 59 93 18 53 7 68 78 99 59 67 16 91 13 39 6 34 93 68 23 23 51 1 79 83 19 73 33 39 39 36 79 44 87 42 83 24 25 81 36 72 81 23 42 58 52 30 17 87 7 55 38 87 58 93 42 16 46 84 27 26 53 25 8 12 99 74 
5 14
75 86 34 49 77 99 78 72 22 17 58 3 98 29 
18 56
13 87 44 25 34 78 62 28 15 87 28 98 64 59 65 78 57 92 67 7 42 30 61 99 86 18 69 46 75 96 70 79 12 43 97 33 77 5 33 12 22 2 96 4 44 86 35 33 80 46 45 49 42 37 25 81 
8 34
28 7 44 31 23 88 35 64 54 67 21 92 74 1 11 68 21 22 61 96 89 48 45 96 84 51 1 44 43 72 23 37 93 39 
12 38
98 99 90 51 89 24 92 15 52 37 86 59 94 37 4 61 89 39 56 50 96 93 95 97 47 64 12 19 37 74 20 12 94 72 78 21 47 59 
11 21
84 64 75 28 86 38 83 40 64 62 71 72 90 74 76 39 91 44 3 5 62 
16 69
14 33 33 86 30 69 54 46 57 31 89 53 28 71 78 7 78 16 72 25 66 29 45 76 47 14 90 5 90 90 16 16 89 69 62 84 39 50 75 32 31 66 10 23 38 47 63 53 81 7 26 94 52 65 10 25 98 28 36 62 42 21 67 66 71 66 73 45 6 
20 76
66 31 90 90 75 16 67 31 53 14 32 98 46 28 71 47 53 84 49 75 57 44 3 91 54 92 95 71 14 21 52 57 11 40 15 5 99 24 81 68 36 93 43 15 46 12 10 38 9 92 69 54 4 29 81 87 34 20 60 25 22 79 7 90 28 17 27 78 11 90 27 95 66 5 9 4 
14 44
52 36 34 31 68 26 63 57 41 44 61 84 76 26 90 67 27 35 51 63 45 76 63 32 95 39 82 83 43 79 53 81 23 67 7 78 8 2 36 19 57 8 48 97 
10 91
64 62 18 46 58 13 63 56 15 61 91 50 4 19 80 95 42 6 56 63 88 35 29 79 2 54 51 26 22 40 99 48 55 57 37 7 34 53 54 56 2 37 57 19 65 74 97 60 87 39 92 94 15 60 96 82 18 17 26 96 51 29 21 27 78 50 77 82 22 20 52 86 34 87 21 79 97 89 93 16 9 83 59 78 24 94 16 40 87 81 5 
9 49
73 62 44 62 37 11 86 71 70 100 58 10 8 69 82 81 96 60 97 95 51 96 24 26 24 32 95 9 40 40 81 71 24 51 27 90 69 41 57 51 57 44 87 26 62 1 61 32 6 
15 82
61 35 72 29 19 28 64 61 41 6 81 33 30 42 60 52 72 59 28 11 81 24 13 91 17 64 13 95 55 5 32 14 6 55 58 79 42 56 9 60 21 35 25 39 52 56 18 58 87 66 28 54 61 98 61 27 30 26 59 36 44 33 55 96 22 77 44 47 21 74 38 37 59 52 51 43 8 61 39 6 94 81 
12 31
15 94 63 82 59 25 8 12 39 81 28 6 85 5 24 36 92 37 74 86 17 58 20 52 60 56 15 45 33 23 76 
20 58
60 41 5 54 3 96 41 36 85 59 9 54 64 92 66 43 31 53 68 71 60 51 92 76 56 94 79 74 7 89 90 8 7 26 28 54 15 12 18 90 86 19 92 79 66 10 100 31 69 83 11 23 50 92 56 81 92 13 
6 17
33 20 72 45 26 63 94 31 67 81 60 63 17 24 79 62 88 
1 70
32 62 80 34 36 52 45 5 88 36 60 32 53 6 63 98 61 3 12 100 76 6 70 2 41 93 34 86 79 90 27 80 32 70 46 53 1 91 26 8 91 81 56 69 25 98 100 60 55 60 61 46 6 42 52 51 27 76 43 74 48 26 58 47 89 2 62 67 71 37 
5 37
60 93 48 30 77 54 68 59 19 6 55 69 29 7 83 30 21 36 14 93 89 37 26 79 100 61 21 18 64 17 27 91 85 10 18 12 13 
16 14
94 58 86 25 59 96 23 58 69 51 86 80 69 90 
6 68
15 43 93 42 93 97 84 51 55 28 34 71 23 23 10 90 33 2 89 37 38 57 47 61 59 27 27 68 39 4 59 83 46 18 100 89 37 59 96 21 34 18 89 41 65 46 22 36 95 78 36 17 54 90 51 4 24 63 30 45 91 89 46 19 24 81 9 61 
1 74
16 45 33 43 96 16 99 81 30 30 55 21 87 68 42 37 77 92 56 65 28 78 63 35 89 22 26 59 22 76 45 45 50 92 8 97 43 11 67 77 69 49 69 84 69 29 75 39 44 32 77 97 35 22 63 67 63 100 28 7 71 7 13 18 44 61 33 9 17 43 31 18 17 21 
2 47
10 96 69 25 73 28 53 22 28 63 8 54 19 94 73 74 37 58 79 98 49 51 74 41 69 69 12 26 75 19 64 82 60 86 47 95 78 41 59 3 22 30 96 65 89 33 66 
8 75
77 45 91 44 82 91 57 6 36 23 85 40 30 35 54 91 81 20 53 48 7 64 33 63 15 59 11 42 61 99 46 65 33 39 1 95 38 78 29 60 3 97 94 14 8 93 71 2 51 30 65 33 92 22 28 19 71 74 48 7 62 55 67 63 86 61 23 67 21 60 97 42 14 53 85 
19 55
100 15 8 58 37 77 59 1 59 20 74 31 43 35 70 41 96 42 57 44 64 53 67 92 32 30 70 64 64 2 88 99 68 56 69 93 71 2 95 27 46 37 25 90 27 11 25 65 23 43 96 28 69 54 14 
17 46
5 91 91 53 47 4 60 91 96 56 10 53 44 95 8 86 51 95 85 59 12 77 79 2 8 23 93 17 35 16 73 35 29 36 81 23 11 59 77 34 71 26 84 43 69 53 
8 19
83 2 39 53 55 68 86 33 74 90 78 82 45 9 10 49 47 35 73 
10 18
58 27 80 77 58 63 94 99 6 64 98 93 100 16 14 51 36 2 
12 7
20 87 86 69 24 54 56 
10 55
25 73 46 15 62 59 61 25 72 31 60 58 86 78 80 67 51 99 71 74 87 11 54 67 73 92 58 36 74 40 98 11 97 52 64 35 81 89 35 24 11 47 49 46 16 90 15 34 38 22 3 31 73 80 69 
10 23
40 14 66 10 19 58 56 83 73 29 31 18 55 35 55 79 44 47 84 34 68 31 61 
7 11
79 45 51 12 63 99 36 9 85 54 67 
6 7
67 8 44 4 19 74 34 
6 24
60 18 79 86 1 83 99 51 10 61 54 60 93 90 58 78 15 29 98 97 36 80 36 77 
12 44
57 2 83 60 31 68 77 19 48 4 100 39 12 23 32 20 53 88 1 12 77 59 6 30 23 19 19 54 17 57 84 86 37 9 41 17 67 60 12 79 80 46 50 70 
18 69
60 40 58 46 78 41 71 19 30 43 27 5 70 30 1 15 82 7 42 88 26 95 35 28 1 28 43 13 20 84 8 36 15 93 35 74 58 94 14 69 85 99 95 91 81 86 100 68 43 98 13 48 58 73 100 81 40 15 86 34 8 48 54 5 8 48 76 100 47 
9 65
50 28 47 41 66 61 19 10 83 22 14 21 24 76 17 48 85 55 55 48 37 22 33 87 66 52 2 100 6 28 36 7 61 76 54 76 69 37 35 3 67 80 8 9 16 53 38 7 44 26 15 29 78 51 25 24 93 54 75 80 79 98 46 17 23 
14 28
23 32 10 67 86 72 93 11 89 93 23 84 9 87 40 14 86 26 23 93 6 31 98 91 30 59 70 61 
3 14
17 56 86 10 23 25 86 58 46 64 93 74 53 38 
2 36
27 44 1 20 76 95 100 54 57 67 7 9 10 12 33 30 25 54 61 29 69 15 86 18 52 93 4 11 42 30 49 38 12 32 69 2 
14 72
91 99 39 99 60 16 95 85 63 59 85 3 60 62 100 99 29 66 2 35 58 3 83 75 22 40 99 20 84 86 75 72 31 56 47 76 53 44 89 27 82 65 77 99 66 55 26 4 41 15 88 75 54 15 61 78 65 83 65 74 59 79 86 100 52 91 33 84 91 65 78 39 
3 97
12 28 15 66 75 100 92 52 98 97 39 68 52 8 96 41 40 25 79 57 79 54 91 54 4 38 82 37 98 100 6 43 41 49 80 71 55 97 62 97 10 33 34 87 77 60 75 22 56 13 60 34 38 71 10 24 37 2 53 43 68 53 98 5 32 72 96 8 47 35 7 87 8 25 45 11 20 35 10 78 9 81 100 42 91 57 2 54 55 17 88 72 24 45 77 15 43 
6 64
96 26 93 90 94 90 35 86 77 42 59 84 10 25 34 77 53 62 14 42 99 45 38 6 48 12 44 3 78 35 73 63 63 100 93 58 81 8 25 61 12 41 88 41 96 42 65 60 25 68 57 50 80 50 32 25 1 39 19 72 45 98 67 37 
10 99
79 99 78 45 42 2 82 97 41 65 12 84 96 5 52 87 69 82 80 84 94 66 47 24 18 18 32 29 92 76 1 90 28 85 51 12 69 81 96 55 13 84 37 38 32 82 9 11 93 37 73 75 48 45 57 23 68 35 73 30 78 22 6 39 61 40 75 64 27 65 36 41 95 53 42 11 3 71 72 81 64 44 48 72 74 15 71 13 22 100 59 35 39 15 15 34 52 77 88 
9 54
59 84 40 12 26 33 44 15 61 21 33 21 73 45 67 81 88 62 26 46 36 79 65 99 59 50 42 25 28 60 67 15 68 55 29 85 40 2 80 23 58 26 68 28 70 92 85 22 65 86 76 79 97 24 
3 42
64 89 76 37 18 5 5 98 100 19 12 66 15 35 43 9 90 67 45 71 47 71 52 17 24 55 7 78 35 32 78 98 52 32 36 10 75 67 90 70 52 17 
20 72
37 88 91 98 29 4 10 71 69 30 46 100 32 38 82 42 2 56 78 5 2 96 78 56 56 91 88 98 25 97 14 43 21 53 2 56 9 94 89 30 78 72 12 11 52 18 65 22 97 39 3 25 98 13 43 97 31 75 48 91 15 2 30 51 42 1 60 16 74 9 92 90 
13 12
37 90 47 89 72 20 75 14 70 51 3 87 
2 99
40 25 28 45 59 49 14 22 5 87 71 37 39 86 57 56 87 88 7 92 28 18 55 34 81 8 23 80 91 90 64 65 52 64 83 72 75 62 53 41 92 34 29 18 31 16 56 10 33 41 57 62 51 35 77 95 11 22 27 55 81 63 84 62 17 93 89 93 86 89 45 84 63 35 13 87 97 77 43 76 21 97 22 46 73 95 9 46 39 32 59 10 70 69 22 31 9 91 38 
14 90
67 46 58 34 21 97 7 71 33 49 85 41 60 49 69 37 10 55 25 43 14 24 72 78 90 25 11 65 37 95 70 75 37 89 75 13 29 25 98 28 72 9 39 39 19 6 49 73 59 70 27 25 30 29 85 73 73 35 61 28 5 22 39 88 58 71 19 58 42 83 7 11 84 50 97 91 5 55 14 88 54 16 45 44 71 91 93 76 42 70 
14 95
28 32 50 73 36 43 3 99 48 98 76 20 81 38 16 66 13 3 2 46 17 3 74 18 48 26 80 62 22 47 22 29 47 80 1 10 16 48 99 46 85 66 33 21 44 21 98 83 57 40 15 10 67 91 68 79 80 75 28 50 74 3 84 55 62 87 20 84 19 58 99 81 74 23 75 40 40 33 28 31 79 13 83 74 12 46 36 64 84 23 92 62 88 96 92 
14 74
44 36 44 45 65 51 13 15 17 50 64 21 87 77 73 21 81 77 8 68 74 47 48 19 67 80 82 6 99 88 6 1 56 93 51 86 11 16 78 38 17 15 23 36 16 18 67 59 37 85 41 99 96 47 70 64 22 10 18 15 76 59 35 24 80 68 100 85 46 32 36 85 5 78 
18 84
50 72 94 96 89 36 57 22 10 2 26 61 79 32 62 72 1 66 35 28 52 33 51 72 60 10 47 81 48 29 66 42 24 73 82 34 54 13 62 40 31 2 59 35 75 25 100 90 6 49 42 79 84 13 48 38 11 17 61 51 19 60 91 7 47 91 25 65 81 81 25 7 62 54 88 8 57 32 37 50 1 4 26 24 
17 10
2 88 27 91 1 52 11 63 22 84 
11 56
98 21 12 25 8 41 18 78 64 12 20 3 3 46 29 81 51 59 40 90 16 29 22 45 85 1 16 78 35 67 41 1 79 29 32 68 16 24 94 36 69 12 49 65 2 97 89 12 56 77 18 81 63 6 35 46 
9 99
39 33 87 58 20 68 79 9 14 64 48 58 76 73 8 34 94 88 58 30 78 79 85 8 68 73 83 11 99 96 65 80 27 99 69 77 32 17 9 97 62 46 69 31 51 92 62 3 75 62 54 24 37 68 70 74 91 92 17 20 57 37 22 84 81 50 75 75 9 75 3 60 51 30 50 50 95 39 40 29 9 35 9 27 53 74 35 34 66 54 20 100 14 49 65 23 87 12 17 
15 3
67 67 6 
3 9
98 53 16 35 64 17 94 9 72 
6 8
33 30 35 61 72 62 23 82 
17 87
43 74 51 100 76 80 37 79 5 73 64 12 79 91 52 70 59 20 72 23 69 92 47 21 3 58 20 8 56 45 55 24 52 91 10 41 88 16 99 94 57 37 19 73 53 31 17 68 36 16 77 81 68 3 9 83 87 88 36 13 66 13 91 17 13 94 100 46 34 94 86 27 24 78 2 21 69 14 87 11 17 76 47 54 9 23 38 
6 35
56 90 50 100 83 77 32 21 80 62 33 5 65 15 82 34 88 9 74 68 39 53 10 44 19 58 94 87 94 74 54 30 16 44 53 
9 97
74 81 70 73 78 79 81 14 3 92 94 18 39 77 16 4 38 94 87 69 73 35 75 28 85 1 58 56 48 14 22 13 77 89 74 42 15 46 6 47 86 77 34 80 42 62 65 57 28 41 57 80 55 72 97 19 38 36 32 83 9 17 23 80 34 59 27 3 25 98 35 78 8 54 24 71 8 28 94 87 97 61 68 46 88 61 69 87 19 55 84 7 28 79 19 62 43 
2 48
43 73 82 74 82 90 9 92 15 45 47 92 89 65 7 19 74 32 19 89 29 39 69 89 41 26 99 5 21 97 38 6 4 31 25 37 61 28 67 95 14 67 90 76 23 22 45 25 
19 57
51 94 9 31 42 62 52 84 15 13 100 92 21 84 90 72 46 23 11 73 100 34 44 20 54 80 63 9 82 35 5 75 94 55 58 63 24 17 87 78 96 60 94 50 50 84 90 25 66 7 51 68 95 82 65 6 72 
9 55
60 52 51 67 79 27 48 71 87 24 3 75 85 14 76 32 78 52 23 78 62 17 49 87 35 26 73 44 40 25 45 10 30 48 35 45 95 62 27 68 79 64 42 21 24 27 73 54 12 72 3 47 72 71 59 
9 42
44 58 77 98 5 10 20 48 100 99 30 95 29 71 72 96 2 55 1 36 39 26 85 28 29 56 80 37 27 30 81 13 17 94 23 35 34 92 62 89 45 66 
20 88
35 98 96 36 12 93 82 66 56 74 25 78 2 67 46 66 86 2 30 2 1 10 15 27 60 2 69 21 73 29 27 13 12 48 65 2 7 65 85 42 39 70 100 91 76 42 71 68 29 13 92 33 49 26 97 84 42 14 71 1 100 63 57 8 87 24 81 17 82 77 60 72 7 18 21 17 8 66 91 25 90 98 98 73 2 10 20 95 
15 77
60 81 18 68 33 42 93 93 38 2 36 97 53 28 64 37 8 35 78 5 64 79 59 95 21 70 99 37 90 9 91 62 22 44 78 93 56 52 15 38 4 32 10 78 27 60 36 25 48 54 36 78 96 33 49 13 15 72 69 57 36 77 32 59 79 26 38 78 53 6 91 36 16 73 68 4 62 
20 59
86 94 75 28 32 42 84 73 77 2 78 74 23 66 67 33 76 55 52 18 16 18 74 60 20 6 89 56 91 48 20 2 61 1 83 42 79 29 30 54 63 77 89 31 73 86 90 95 57 9 94 77 82 30 91 30 59 100 64 
20 91
20 75 97 25 35 72 22 98 7 46 12 35 86 11 5 11 24 94 6 42 61 69 54 60 81 75 29 4 99 25 58 28 54 19 85 67 90 74 6 13 21 9 46 76 39 24 73 37 55 46 3 95 27 23 7 26 12 4 97 44 85 87 49 12 32 41 16 69 21 12 62 79 80 11 14 10 66 15 74 19 21 55 42 9 90 8 32 22 97 34 86 
11 87
91 82 29 79 93 30 25 62 24 20 76 25 48 27 20 26 40 21 86 75 56 79 84 48 45 86 15 17 91 41 10 74 98 1 26 25 98 72 19 13 44 83 55 3 39 27 38 21 24 38 70 68 42 24 92 36 7 75 5 46 84 45 62 10 85 42 82 24 61 90 75 74 93 39 91 82 56 67 69 52 74 99 21 4 24 5 39 
12 49
93 94 87 12 97 27 89 20 25 60 86 2 58 40 77 7 3 80 77 7 27 46 88 80 63 69 61 88 7 57 74 27 84 77 10 54 88 40 30 37 17 42 97 23 8 61 57 49 50 
5 30
7 96 61 88 48 40 55 84 71 37 82 41 18 86 96 28 25 21 75 66 22 35 34 41 9 94 40 56 62 14 
2 14
88 63 92 36 8 83 16 87 42 93 6 46 44 87 
19 31
63 70 23 42 75 59 54 7 42 76 52 43 98 41 79 52 41 35 51 45 67 14 58 61 12 25 81 32 67 18 70 
9 36
76 8 12 53 12 17 75 36 30 44 19 2 3 21 9 29 44 47 74 80 37 17 19 71 93 35 27 13 87 61 96 8 26 35 16 62 
3 80
53 87 21 86 17 14 9 95 2 40 67 5 15 89 95 26 26 93 25 22 40 71 5 55 67 82 6 39 9 49 40 79 82 65 30 57 62 2 40 91 50 67 80 43 90 36 49 47 10 29 26 96 63 50 44 77 87 78 88 56 36 94 64 76 79 40 27 18 84 33 69 30 47 47 13 19 51 65 24 80 
11 19
26 55 26 82 25 76 99 13 82 75 91 18 42 15 74 62 18 16 85 
15 49
44 46 58 29 40 18 77 88 82 69 98 64 58 62 38 66 29 70 57 5 46 25 17 100 12 94 68 14 49 53 8 92 65 10 82 87 37 91 18 3 70 82 84 13 61 23 90 26 96 
15 56
32 63 11 100 55 99 93 48 91 39 47 19 32 32 9 75 21 17 11 28 27 72 93 66 37 67 36 77 6 98 82 24 30 63 17 90 41 34 14 94 63 30 3 19 84 25 40 60 18 81 21 24 80 36 57 100 
7 24
64 40 86 14 61 96 42 89 36 55 66 67 74 92 66 65 27 80 36 10 70 52 96 2 
2 100
23 71 11 64 45 45 6 65 11 66 65 25 58 80 2 19 96 90 13 10 75 73 9 8 32 63 6 43 15 95 51 64 39 77 97 71 78 51 17 88 99 95 13 55 23 77 52 53 28 43 50 92 1 83 81 43 11 10 6 50 95 77 42 43 76 60 4 49 97 43 42 35 84 29 10 36 17 45 82 13 18 65 8 5 68 24 71 100 50 34 81 61 5 95 6 36 1 87 65 96 
13 15
96 6 73 34 70 40 51 56 75 77 60 43 89 4 68 
6 97
35 41 7 69 7 79 47 74 37 96 45 26 41 67 69 86 13 53 19 68 96 80 85 32 17 1 37 53 36 80 16 64 59 98 5 73 12 34 38 72 67 25 89 97 73 67 79 67 88 85 3 75 36 89 77 100 99 4 25 4 23 5 12 28 55 18 91 33 39 99 40 70 77 15 70 16 90 25 96 81 14 72 66 100 10 62 76 68 72 73 85 50 17 92 16 77 42 
3 4
55 86 69 54 
1 3
56 97 93 
6 88
46 14 11 89 91 19 65 32 74 4 92 95 24 26 97 96 46 90 38 97 49 89 38 3 67 34 5 32 54 27 6 62 11 5 25 15 37 54 85 41 51 99 22 66 62 11 80 83 16 13 5 31 58 42 58 16 13 47 56 82 17 37 19 7 35 41 69 39 34 92 76 63 40 29 55 4 5 30 67 53 75 17 79 57 4 73 5 56 
7 37
75 85 73 5 20 7 61 58 43 37 58 34 65 73 23 36 34 98 67 62 51 73 48 35 33 17 10 72 1 95 80 39 46 18 50 85 50 
6 61
89 22 83 1 21 60 15 69 33 27 28 36 45 16 34 72 46 28 95 95 79 65 24 39 87 58 72 3 65 1 77 42 39 40 24 14 56 49 74 45 5 40 58 61 47 9 8 49 3 87 19 86 45 80 57 85 39 74 58 71 33 
6 73
10 28 34 4 25 34 88 49 52 56 28 28 80 34 58 7 93 23 23 23 22 94 98 64 66 47 60 33 92 13 92 39 27 23 58 58 30 61 50 4 61 76 22 15 8 81 17 35 24 18 31 80 6 96 35 12 26 13 41 91 37 39 51 12 64 16 31 76 85 51 92 46 53 
11 5
34 77 48 69 62 
5 16
32 1 3 39 93 40 11 78 49 65 42 37 53 38 87 56 
19 83
64 23 30 51 3 71 58 6 73 39 64 39 12 34 6 100 81 93 88 22 9 63 55 48 49 30 39 8 35 36 34 77 40 14 27 21 37 100 96 13 3 39 95 67 84 91 44 72 50 59 88 36 94 42 63 59 38 28 43 24 100 5 59 81 79 74 72 10 20 26 20 70 88 55 16 95 24 68 19 73 98 28 57 
3 20
59 35 73 73 87 9 44 46 16 10 34 51 93 28 3 62 46 45 74 81 
9 97
52 24 82 38 74 11 56 48 32 80 86 73 17 77 64 70 26 86 43 97 57 40 97 19 32 1 95 20 5 80 50 98 84 59 60 16 86 62 78 99 8 20 60 59 93 45 2 15 7 73 44 97 81 51 28 29 89 31 83 59 14 73 36 97 29 59 90 27 82 18 88 63 85 1 69 40 100 6 29 91 56 3 45 20 33 12 66 68 30 87 60 84 36 95 50 70 58 
5 99
94 32 24 40 35 42 27 44 78 32 74 97 5 32 57 92 59 43 9 25 87 31 44 36 27 92 72 48 48 61 11 12 68 85 9 45 86 77 12 84 7 29 70 26 19 75 100 80 23 61 62 56 41 77 71 85 25 69 59 50 55 76 6 38 73 17 49 52 45 25 41 40 100 37 62 69 44 43 82 53 10 27 84 71 90 7 1 12 88 68 55 16 99 69 4 18 73 96 35 
2 96
31 42 1 3 1 9 10 65 100 14 73 77 37 54 19 67 74 7 18 70 72 52 43 47 71 30 57 86 72 13 38 99 88 2 11 2 40 76 21 69 41 79 53 77 43 95 35 55 62 82 51 23 28 45 35 42 11 40 35 90 66 46 81 74 8 48 70 39 44 57 59 69 2 57 47 5 79 19 8 95 61 98 32 68 30 6 43 81 40 77 38 69 29 65 91 69 
17 61
27 29 89 95 74 81 19 15 65 28 93 87 24 8 34 27 80 15 42 25 7 64 4 99 27 22 9 68 79 7 35 45 52 77 77 6 63 89 52 76 30 68 29 98 14 3 4 91 74 2 72 10 32 8 90 16 2 85 54 75 36 
3 78
52 32 7 93 70 21 34 15 19 51 68 42 87 10 88 14 3 86 82 5 21 71 43 22 64 68 83 62 81 95 70 93 20 31 72 13 14 91 66 88 75 87 54 11 89 16 87 37 63 58 35 74 12 99 17 89 1 81 5 21 8 18 49 19 12 92 43 71 68 85 99 98 76 75 13 54 79 94 
14 44
20 83 80 46 81 72 90 88 86 89 89 16 33 24 98 38 7 16 75 35 3 72 87 30 7 22 48 95 63 50 47 98 7 87 36 77 28 32 73 20 52 32 91 75 
8 8
84 85 41 9 53 43 75 35 
18 1
77 
6 41
22 48 88 93 22 5 69 98 27 67 35 59 30 65 84 78 36 34 42 97 13 46 34 40 54 41 71 43 3 68 7 52 31 24 14 24 33 76 43 69 88 
19 25
28 72 61 56 3 29 10 100 3 42 72 93 97 83 58 99 72 30 17 64 60 64 85 16 26 
1 59
4 25 99 78 81 47 82 19 3 85 7 69 89 41 30 32 61 2 74 55 86 36 46 10 61 66 28 23 24 96 78 49 87 38 80 43 70 29 50 21 49 13 62 37 53 54 9 89 54 55 41 19 19 86 39 72 36 40 11 
7 97
9 56 100 71 8 56 50 16 40 60 18 42 21 64 75 49 67 65 92 80 32 79 14 17 92 15 26 69 91 2 70 58 21 19 64 27 43 48 36 92 20 82 69 66 6 35 55 11 62 27 34 40 75 53 82 98 33 33 56 82 18 55 26 98 51 89 44 93 68 47 29 50 31 96 99 94 32 88 53 3 65 2 36 33 52 32 87 28 27 34 36 73 81 44 7 24 15 
10 43
97 76 48 72 38 10 30 26 33 88 56 49 32 100 28 56 44 78 65 55 3 8 99 35 90 100 91 96 29 100 13 76 65 43 42 53 5 27 42 27 59 18 21 
13 73
64 32 49 46 89 83 77 86 60 91 20 71 2 84 71 47 96 13 16 52 65 21 68 10 20 9 2 15 17 55 66 71 45 1 26 24 69 85 95 85 72 95 19 97 16 63 55 66 14 14 40 39 93 62 4 29 74 56 13 61 84 94 45 47 87 4 13 43 85 23 76 88 72 
18 48
20 3 33 6 30 48 29 57 79 22 72 83 75 70 96 67 53 47 66 33 27 85 16 8 88 41 57 67 4 43 21 90 68 11 31 96 39 43 53 14 60 57 30 83 97 21 87 82 
2 58
25 90 86 62 82 78 63 82 37 99 22 72 22 34 15 67 5 50 12 20 44 46 57 7 72 94 35 93 61 93 2 97 73 58 88 21 77 74 13 81 9 51 86 55 30 84 46 54 100 94 62 3 83 61 14 42 64 27 
8 87
54 82 50 7 3 50 47 9 69 66 81 66 56 52 2 71 49 35 29 81 16 32 34 1 18 64 52 97 69 30 47 94 87 99 44 77 47 81 30 32 41 16 36 49 61 59 67 85 20 37 52 19 58 31 59 55 92 19 59 53 56 17 87 75 32 92 56 58 73 17 21 12 31 87 74 67 72 98 91 41 21 15 33 44 40 84 59 
18 13
100 90 92 7 32 85 73 2 51 70 72 91 64 
9 45
9 26 99 2 85 23 47 90 88 86 47 55 57 25 62 18 16 54 94 85 71 83 14 18 97 18 34 75 30 52 67 13 43 77 93 28 60 79 25 84 3 4 22 75 81 
16 74
58 89 57 46 45 11 32 94 24 94 83 71 19 74 63 19 89 54 41 59 29 80 3 9 28 79 21 46 12 32 74 92 47 84 42 55 63 100 32 79 73 53 81 86 52 68 92 96 55 62 87 81 85 54 14 48 53 46 79 26 79 73 77 21 39 28 12 41 95 24 47 33 50 29 
12 63
6 27 23 100 22 93 48 51 72 82 54 84 91 35 82 64 77 26 89 86 39 23 27 21 15 64 39 46 30 16 22 68 52 29 69 83 59 3 23 58 16 85 16 56 3 93 29 49 32 9 3 73 20 13 69 28 74 75 75 35 27 15 86 
5 79
99 67 73 11 97 46 99 49 52 21 98 27 26 87 73 7 74 74 20 84 6 10 75 74 52 23 22 14 18 28 30 64 1 74 28 29 82 9 87 60 91 13 18 22 28 43 63 93 19 70 34 27 89 60 48 82 26 25 88 64 97 52 61 9 48 49 83 7 46 94 84 6 78 13 35 13 23 64 15 
